delta, phi_R, beta = (0.02647991e00, 0.90958430e-03, -1.30967627e-02)

x_to_phi-shift = 0.45

phi_d1_0 = 0